1000 50
49
7
9
83
15
57
1
47
26
68
89
90
29
11
75
22
70
7
31
5
13 14 15
9 11 13
74 13 15 16
89 14 18 20 22
15 14 17 19 20 21
68 17 18 19 21 22 23 24
5 17 18 20 22 23 25
36 17 19 20 23 25 26
23 23
37 19 20 23 26 27
70 20 21 23 24 25 26 28 29
88 22 26 27 28 29
69 22 23 24 25 26 27 30 31
39 25 26 27 29 30 31
34 24 25 27 28 33
41 25 28 30 31 33 34
77 26 30 31 33
10 27 30 31 32 33 35
70 28 29 32 37
58 29 30 31 36
4 30 31 32 35 37 39
86 32 33 35 37
12 32 34 35 36 38 39 41
58 35 39 40
43 35 37 39 41 42 43
94 35 38 40 42 44
71 39 40 41 42 43
17 37 38 39 43 44 46
97 42 43 45 46 47
48 39 41 42 44 48
5 40 41 42 44 46 48
1 42 43 46 49 50
9 42 43 48 49 50
46 44 45 46 47 48
97 46 47 48 51 53
81 45 49 51 53 54
87 46 47 51 53
49 50 51 52 55 56
94 48 50
54 49 51 52 55 56 57 58
15 50 52 53 56 59
66 51 53 54 55 56 59
62 53 54 57 58 61
98 58 59 61
3 54 55 57 58
62 56 64
6 57 58 62 64
84 58 60 63 66
19 58 60 63 64 67
80 59 60 62 63 65 67 68
99 61 62 64 66 67 68 69
70 62 64 66 68 69
83 62 63 65 66 67 69 71
52 66 69 70 71
9 64 65 66 67 68 70 72
58 65 68 72 74
5 66 67 68 69 70 71 72 73 74
5 67 68 69 71 73 75
90 68 69
64 70 72 75 77
47 73 74 76 78
84 71 73 75 76 77 79 80
81 72 73 75 78 79
43 76 78 79
87 74 75 76 77 79 80 81 82
72 78 81 84
77 77 81 84 85
93 79 84
86 78 79 80 82 84 86 87
6 79 80 81 83 84 87 88
43 83 84 85
54 81 82 83 86 87 88 89 90
74 84 85 86 87 88 90 91
1 84 86 87 92
23 84 86 88 89 91
1 86 87 90 91
54 87 88 89 91 92 94 95
18 87 89 90 91 92 93 95
42 89 90 95 96 97
83 89 90 92 93
8 93 94 98
71 92 93 94 100
63 92 94 96 97 101
81 95 98 99
81 94 96 98 101 102 103
58 95 96 97 98 99 100 103 104
88 96 97 100 101
23 98 99 100 101
65 98 102 103 106 107
11 99 100 101 104 107 108
29 100 104 108 109
63 102 105
88 102 105 106 107 108 110 111
82 106 109 111 112
76 106 107 112
18 106 107 108 114
21 108 109 110 112 113 114 115
96 107 108 110 111 112 113 115
79 109 110 112 113 115 117
94 111 115 117 118
2 115 117 118
2 111 112 113 114 115 120
20 112 113 114 115 117 120 121
25 114 116 117 120
56 114 115 116 118 119 120 121 123
76 115 118 119 120 122
90 117 118 120 122 123
59 117 119 120 121 123 124 125 126
66 119 121 122 126
14 120 122 124 125 126
40 120 121 123 128
82 121 123 126 127 129
62 123 125 126 128
22 124 126 129 130 132
23 124 130 131 133
68 125 126 128 130 131 133
3 126 128 129 130 133 134 135
38 128 130 132 134 135
13 128 129 130 131 132 135
32 129 130 132
56 130 131 133 135 136 137
94 131 134 135 136 137 140
22 132 133 134 135 136 139 141
23 135 137 138 140 141 142
96 139 143
17 135 136 138 140 144
40 136 138 140 142 145
9 137 138 139 140 141 142 143 144 145
9 138 139 141 142 144 147
56 141 142 147 148
61 140 143 144 146 149
60 142 144 145 147 148 149
31 142 143 145 147 149 150
29 144 150 151 152
95 145 147 148 149 150 151
68 145 146 148 152 154
66 146 148 149 150 153 155
16 149 152 153 155 156
47 148 150 151 152 153 155 156
100 152 155 156 157
4 152 153 156 157
68 157 159
98 153 154 157 159 160 161
16 153 156 161
82 156 158 162 163
88 157 164
14 156 158 160 162 163 164
10 157 158 161 162 163 164
64 158 159 167
64 159 160 161 162 165 166 167 168
34 160 162 166 167 168
98 162 163 164 165 166 167 168 170
91 162 166 168 169 170 171
16 165 168 172
24 164 165 166 167 170 173
13 166 169 172 174
64 166 167 172 173 174 175
6 167 169 170 172 173 174 175 176
54 168 169 171 176
93 169 170 172 174 175 178
76 170 174
3 173 176 178 179 180
90 172 173 177 178 181
12 175 178 180 182
43 175 176 177 181 183
10 177 178 180 181 182 184
55 176 179 180 184 185
93 177 178 180 181 184
71 179 183 184 186
6 179 185 187
49 180 181 185 188
41 182 183 184 187 188 189
2 182 184 185 186 187 189 191
45 184 185 186 187 189 190 192
71 184 185 186 187 191 192 193
87 185 189 190
69 187 188 189 191 194 195
13 188 192 196
36 192 193 195 196 197
95 189 191 193 194 196 198
53 190 191 192 197
25 191 193 194 195 196 198
5 194 196 197 198 201
38 193 194 201 202
11 195 197 198 199 201
49 196 197 198 203 204
77 197 198 200 201 205
78 198 201 203 204 206
91 198 199 201 202 204 205 206
12 199 202 203 204 205 206 208
57 200 205 206 209
96 201 202 203 206 208 209
67 205 207 208 209 210
86 203 204 206 211
33 205 207 211
54 205 207 209 210 212 213 214
68 206 208 210 211 212 215
84 207 208 210 215
29 209 210 211 212 214 215 217
99 212 215 216 217
93 210 211 214 215 216 217 218 219
42 212 213 215 217 219 220
84 212 215 216 219 220 221
80 213 215 217 220 222
72 214 215 216 219 220 222
12 215 218 219 224
36 218 219 221 223 224 225
56 222 224 225
17 218 219 221 224 226 227
41 223 226
15 221 223 224 225 226
84 221 222 223 224 227 228
12 222 224 226 227
66 224 226 229
75 225 226 228 229 231 232
64 225 228 229 230
28 227 228 230 231 232 233 235
30 227 230 232 233 235 236
76 228 229 230 231 233 236 237
15 229 230 231 235 236 238
68 231 232 233 234 237 239
72 231 232 235 236 237 238 239
91 233 234 235 236 238 240
65 234 236 237 238 239 240 241
45 235 238 240 241 243
100 235 237 238 239 243 244
10 236 237 241 242 243 244
45 237 238 239 244 245 246
49 241 244 245
4 239 240 241 246 247 248
43 241 244 249
21 245 250
5 242 243 245 247
69 243 244 245 246 247 248 250 251 252
29 247 248 250 251 252
64 250 251
41 247 248 249 251 252 254 255
100 249 250 253 255 256
48 249 252 256 257
87 249 251 252 256 258
85 253 254 255 256 258 259
56 251 253 257 259
87 255 259
2 253 255 257 258 259 260
58 255 257 260 261 262
86 257 259 260 262 263
90 257 258 260 262 263 265
18 263 264 266
87 259 261 262 264 266 267
77 259 260 261 263 264 266 267
86 260 261 262 263 264 265 268
52 261 262 263 265 268 269
55 262 263 264 265 267 268 269 271
14 266 267 268 270 271
77 266 267 270 271 272
59 265 266 268 269 271 273
53 266 269 270 273
15 271 272 273 274 275
33 268 270 271 272 275
71 269 271 272 273 276
33 270 273 275 276 279
26 271 274 275 276 277 279 280
93 273 274 275 276 277
15 274 277 278 280
18 275 277 278 282 283
86 275 276 277 279 281 283
14 279 280 282 283 284
87 277 279 280 283 285 286
72 280 281 285 287
4 280 281 282 283 284 287
5 280 281 282 284 285 286 289
77 281 285 287 290
9 283 284 290
4 285 286 287 289 292
27 284 286 287 288 291 292 293
9 286 287 289 292
15 286 290 291 292 293 295
91 287 288 289 291 296
1 288 289 291 293 294 296 297
1 290 291 292 294 296
54 291 292 293 294 295 296 297
45 292 297 298 300
53 294 296 297 298
29 294 295 296 299 300
63 294 296 297 300 302
79 297 299 300 301 302 303
37 297 299 302
61 297 300 301 302 303 306
40 300 301 302 304 306 307
62 301 303 304 306 307
14 303 306 308 309
70 301 302 304 305 306 307 308
84 305 307
37 304 307 310 311
37 307 308 309 310 311 312 313
54 307 309 311 312
68 307 310 313
93 307 308 309 311 315
68 308 310 313 316 317
2 309 310 311 312 313 315 316 317 318
36 312 313 316 318 319
94 312 314
18 313 314 315 316 317 320
53 313 315 316 318 320 321
25 314 315 316 318 319 322 323
96 315 316 318 320 321 324
74 316 318 320 321 325
40 318 319 321 322 323 326
53 320 321 322 323 325 327
98 321 322 323 326
4 321 324 325 328 329
8 321 322 325 327 328 330
100 324 329
68 324 327 329 331 332
31 325 326 327 329 330 331 332 333
64 325 328 333 334
89 327 330 331 332 333 334
63 327 328 329 332 336
84 328 329 333 335 337
28 330 332 333 334 335 336 337 338
44 331 332 335 336 337 338
78 335 337 340
59 332 335 339
39 336 337 338 339 340 341
59 334 335 336 339 343
13 336 337 338 340 342 343 344
68 337 341 345
8 339 340 343 345 346
17 338 339 340 341 342 345
41 339 340 343 344 345 347 348
94 340 341 342 343 346 348
2 342 343 345 346 349
9 343 348 351
9 346 351
37 344 345 346 347 348 352 353
77 347 349 352 353 354
85 349 350 351 352 354 355
56 349 352 353 354 356
76 349 351 352 353 354 356 357
26 349 350 356 357 358
60 351 356 357
78 354 355 358 360
4 354 357 360 361
76 353 355 358 360
21 358 360 362
21 355 358 360
27 357 359 362 363 364 365
89 357 358 359 360 362
78 362 363 364 365 366 367
75 360 362 364 366
5 361 362 363 365 366
75 362 365 367
51 363 364 365 366 367 370 371
21 363 366 367 369 370 372
21 364 373
14 365 367 368 370 374
33 366 368 371 372 375
32 367 368 369 370 371 374 375 376
62 368 371 373 374 376 377
31 371 377 378
45 374 376 378 379
97 376 377 378
63 372 379 380
79 376 377 378 381 382
74 374 376 377 380 381 382
85 375 376 381 383 384
76 376 377 378 379 380 381 383 384
14 377 379 380 381 384 385
55 378 380 382 383 385 387
63 379 381 383 384 385
4 381 382 385 386
80 384 388 389
84 388 390
3 384 385 386 388 389 392
44 389 390 391
63 385 388 390 391 392 393
66 386 388 389 392 394
56 387 388 389 390 395
19 388 392 393 394
56 389 390 392 393 394 395 396 397 398
37 390 391 393 394 396 398
92 391 392 393 394 396 400
9 392 393 394 395 398
2 393 394 396 397 399 400 401
16 398 399 400 402 403
52 400 402
67 396 398 399 403
7 397 398 400 401 404
26 398 400 404 405 406
50 399 403 404 408
47 400 401 403 406
42 401 402 405 406 408 410
75 402 403 404 407 410
39 403 406 408 410 411
31 404 405 407 408 409 412
79 405 406 407 412
53 406 408 411 413 415
78 407 408 410 411 412 416
83 414 417
11 409 410 413 417 418
43 412 414 416 417 418
85 411 414 416 417
54 412 413 416 417 421
51 413 416 418 419 421 422
78 416 420 422 423
63 415 416 417 422 424
12 416 420 425
21 419 420 422 424 425 426
57 419 420 421 422 423 425 426 427
97 420 421 422 423 424 425 426 427
18 424 426
87 423 424 426 428 429
57 423 424 426 428 430
65 423 424 425 427 428 431 432
48 425 426 429 432
50 425 426 427 430 433
48 426 429 432 433 435
42 431 433
55 428 433 434 437
36 432 433 435 436 438
11 432 436 437 439
47 432 433 438
45 433 435 436 439 440
95 433 434 437 438 439
28 434 436 442
94 435 437 438 440 442 443
13 436 438 440 441 442 444 445
52 438 439 440 443 444 445
23 438 439 442 443 445 447
94 439 440 441 444 445 446 448
100 440 442
91 441 443 445 446 447 448
2 443 449 450
41 443 444 446 449 451
2 445 446 448 449 450 451 453
94 445 448 449 451 452
93 446 448 449
3 447 449 450 452 453 454 455
49 448 452 453 454 457
37 449 451 453 455 456 458
19 451 453 454 455 457 458 459
22 452 455 456 459
98 453 455 459 460
54 454 456 457 459 460
41 454 455 456 457 458 459 463
98 455 456 457 458 459 461 462
5 459 461 462 463
72 457 458 459 460 461 465
4 458 459 460 461 462 466
17 459 460 461 462 463 464 465 467
87 463 467 469
76 461 462 464 467 470
17 462 465 467 469 471
76 464 466 469 470 471
51 464 465 467 469 470 471 472 473
81 465 467 468 471 472 473 474
17 467 468 469 473 475
13 467 469 472 473 475
28 468 469 473 474 475 476 477
89 469 471 473 474 476 478
66 471 473 475 478
45 471 475 479
59 472 474 475 478 479 480
56 473 474 475 477 479 481
72 477 478 480 483
11 475 476 477 478 480 483
45 480 482 484 485
74 481 483
76 478 480 483 484 487
77 479 480 482 484 485 487
88 480 481 482 483 484 486 488 489
41 481 483 484 485 486 487 488 489
5 482 484 486
39 485 486 490 492
60 485 486 487 489 490 493
35 487 490 491
66 487 488 489 490 491 493 495
81 487 490 491 493 495 496
66 488 491 494 496
13 489 490 494
77 490 492 494 495 498
74 494 495 500
53 493 495 498 500 501
21 496 500 501
35 495 498 499 501 502
79 495 497 500 501 502 503 504
35 497 498 499 500 503 505
96 497 498 500 501 503 505 506
62 498 502 504 506
79 499 501 502 503 504 505 506 507
31 505 508 509
40 502 503 505 506 508 510
65 503 506 509 510 511
3 503 506 507 512
38 504 506 508 510 511 512
10 506 507 508 511 514
5 506 512 515
15 508 510 511 512 514
83 508 510 512
51 509 512 514
43 510 512 513 516 517 518 519
90 511 513 514 518
69 512 513 515 516 517
15 513 517 518 519 520 522
37 514 517 519 520 521 523
63 515 517 518 520 521 522
39 517 518 519 520 521 522 523 524
31 518 522 523 524
1 521 522 523 524 526 527
23 521 522 523 525 526 528
69 521 522 525 526 527 528
74 522 523
23 523 524 525 526 527 528 529 530 531
68 524 528 531
11 524 527 528 529 530 533
40 525 526 530 532
97 526 527 529 531 532 533 534
51 529 530 531 532 533 534 535 536
1 529 530 532 534 536 537
17 530 531 532 533 536 537
1 531 534 537 538
47 531 532 533 540
59 532 533 534 536 537 539 540
3 538 540 541 542
42 534 536 537 539 541 542
9 535 538 539
33 539 541 542
72 537 540 542 544 546
13 538 543
80 541 543 545 546 547 548
84 540 542 547 548
20 541 542 545 547 548
42 542 543 544 546 548 550 551
14 543 544 546 548 549 550 551
80 546 547 551 552 553
24 546 547 549 551 552
94 547 549 550 551 553 554 555
9 547 548 549 551 552 553
39 548 551 553 555
46 549 550 551 553 554 556 558
83 550 551 552 558 559
70 552 554 558 559
27 552 553 556
56 554 555 557 558 561
17 555 556 560 562 563
33 555 556 557 558 559 561 562
95 556 561 563 564 565
82 557 558 559 561 562 563 564
53 559 560 561 562 564 565 566
89 561 562 563 564 566 567
37 564 568 569
44 561 565 567 569
5 562 563 566 567 569 571
9 563 564 566 569 570 572
9 565 568 569 570 572
27 565 566 567 572 573 574
48 568 575
28 567 569 571
44 568 569 574 575 576
86 570 572 577 578
33 570 571 573 574 575 576 578 579
68 572 573 577 578 579
28 572 573 574 576 577 578 579
3 573 577 579 580 581 582
56 576 578 581
93 575 580 583 584
16 576 581 582 583 584 585
53 577 578 580 581 584 586
41 578 579 580 582 584 587
47 579 583 584 585 586
99 580 584 585 586 587
64 584 586 588 589
37 582 583 590 591
51 584 587 588 589 590 592
76 587 588 589 592
31 590 591 593 594
100 586 587 589 591 592 593 595
57 587 588 589 592 593 594 595 596
1 588 589 590 593 594 595 597
79 592 593 596 598
90 595 596 597
2 592 594 599
12 592 593 596 599 600 601
71 594 597 599 602
95 594 596 597 599 601 602
47 595 599 600 601 603
80 598 600
2 597 598 604
7 598 603 604
16 600 602 605 606 607 608
35 605 607 608 609
29 601 602 603 604 607 609 610
88 603 606 608 609 610 611
20 603 604 611
59 604 605 608 610 611 612 613
45 608 609 611 612 613
48 606 607 608 611 612
85 607 609 610 614 616
67 609 611 613
88 610 612 614 615 617
99 611 614 615 617 618
43 611 613 614 617 620
7 612 614 620
66 616 617 620 621
19 615 616 617 618 620
38 615 616 617 618 621 623 624
40 616 617 618 619 621 623 624 625
20 617 618 619 626
59 618 621
52 622 623 627 628
67 620 622 624 625 626 627
86 621 623 624 625 629
19 622 623 624 625
48 624 626 627 629 630 632
52 627 628 630 632
22 627 630 633
11 626 628 629 634
3 627 629 630 632 633 635
80 632 636 637
100 629 630 632 633 635 636
9 630 633 634 636 638
26 631 637
1 635 636 638 639 641
7 634 636 638 642
79 636 637 639 640 641 642
56 635 639 642 643 644
13 636 637 640 641 645
75 637 638 642 643 645 646
48 638 641 642 646
95 639 641 646
16 641 645 646 649
75 644 645 650
11 642 643 646 647 648 649 650 651
98 645 646 652
75 648 650
86 645 647 648 649 650 651 652 654
70 651 654 655
83 647 651 652 653 655
19 648 650 651 652 653
73 654 655 656 658
16 654 655 656 657 658 659
37 651 653 654 656 657 658 659 660
92 659 660 661
82 655 657 659 662
89 654 657 658 662
42 660 661 663
1 656 658 659 665
83 658 660 662 663 665
2 659 661 664 667
88 659 661 663 668
21 664 665 667 669
68 663 665 667 668 670
17 662 663 664 666 670 671
74 664 670
31 666 668 669 670 671
39 665 668 669 670 671 672 674
74 667 668 672
93 667 675 676
48 669 670 671 672 673 674
97 669 671 672 673 674 675
15 671 672 674
85 674 677 678 679
21 673 675 676 677 680
68 673 674 675 679 680
14 674 676 678 679
83 676 677 679 680 683 684
81 676 677 679 682
93 679 682 683 684 685 686
71 678 679 682 683 684 685 687
25 680 682 684 685 687
48 681 682 684 685 686
26 683 684 685 687
17 682 683 684 687 688 691
57 683 684 685 687 692
65 685 687 688 689 690 691 692 693
62 686 693
75 687 688 689 690 691 693 694 695
52 688 690 691 692 693 695 696
36 688 689 690 693 694
52 689 690 691 693 694 695 696 697
66 690 691 694 695 696
19 691 692 699
1 692 693 696 697 699 700
76 695 697 698
9 697 698 700 701 702
64 696 701 702 703 704
78 696 698 699 702 703 704 705
96 697 698 699 700 701 702 703 704
55 698 699 702 703 704
94 699 704 705 707 708
80 700 701 702 703 706 707 709
19 702 704 705 706 707
59 703 706 709
71 705 706 707 708 709 711 712
42 704 706 707 708 709 710 711 713
22 705 710 713
94 706 707 711 712 713 715
93 707 708 710 712 714 715
72 709 710 713 715 716 717
29 709 710 712 713 715 716 717 718
22 710 711 714 715 718
57 714 715 716 719
84 713 721
75 714 715 716 717 722
83 714 715 719 721 722 723
40 715 716 721 722 723 724
21 718 719 721 722 723
4 720 721 722 724
44 718 721 723 724 725 726 727
30 719 723 725 726 727
99 722 723 724 727 729
11 721 722 724 725 726 728
78 722 723 726 727 728 730 731
89 727 729 730 731 732
65 725 729 730 733
16 725 726 727 728 729 730 732 734
56 727 733 734 735
35 729 730 731 732 733
65 729 732
10 730 731 733 734 735 737
88 731 734 735 739
50 734 735 738
54 732 737 740
87 734 735 736 738 739 741
28 735 738 739 740 743
54 735 737 742 743 744
39 737 740 741 743 745
3 738 739 740 744 745 746
14 741 743 744 746
37 740 742 745 746 747 748
48 741 743 745 746 747 749
89 745 749
62 747 748
13 744 746 747 748 749
38 744 745 746 747 748 750 751
58 746 748 749 752 753 754
40 749 751 752 755
55 747 749 751 753 754
80 749 751 754
78 751 754 757
37 752 754 759
42 751 753 755 757 758 760
14 752 753 755 756 757 758 760 761
77 754 756 759 760 761
23 756 757 758 759 760 761
53 755 756 757 758 760 761 762
89 757 758 759 760 761 763
76 757 761 762 763 764 766
29 759 760 761 764
15 759 760 761 762 763 765 766 767 768
73 761 764 767 768
54 763 766 767
17 763 764 766 770
64 764 765 766 768 769
41 764 765 766 768 769 773
32 769
57 768 771 774 775
88 767 769 770 771 774 776
11 768 774
65 770 771 772 776 777
24 770 772 775 777 779
78 771 773 774 775 776 777 778 779
6 773 776 779
36 775 776 778 779 780 781
64 778 779 781 782
35 775 776 777 779 780 782
43 780 781 782
46 777 778 780 781 782 784 785
86 778 779 780 785
3 780 781 783 785 788
66 785 787 789
81 787 788 790
42 783 784 786 789 790
74 785 786 791
89 786 787 788 789 790 791 793
33 785 787 789 791 792 793 794
37 786 788 791 792 793 794
100 790 792
22 788 793 794 795 796
98 791 792 793 795 796 798
34 790 792 794 795 797 799
7 791 792 794 796 797
66 793 797
34 793 794 795 796 799
32 795 796 801 802 803
94 797 798 802 803
85 796 799 801 804 805
82 797 800 804 805
31 800 801 807
40 799 801 804
78 800 805 807
23 802 803 804 806
53 806 807 811
31 803 806 809 811 812
29 805 808 809 811 812 813
94 805 806 809 814
22 806 809 810 811 812 815
61 809 810 811 815
17 809 811 814 816
69 810 811 815 816 818
67 810 811 813 814 815 817 818 819
49 811 812 813 815 816
39 813 816 820 821
92 814 815 818
54 814 816 817 818
28 815 817 820 824
79 817 818 821 822 823 825
41 817 819 820 821 822 824 825 826
64 819 820 821 822 826
85 819 821 823 826
1 820 825 826 827
40 823 824 830
53 824 825 826 828 829
94 823 824 825 826 827 831
52 825 832
60 826 827 828 830 831 833
78 826 827 831 835
10 827 831 832 834 835
2 829 830 831 832 836 837
29 829 830 832 834 836
17 833 835 838 839
36 833 837 838
47 833 834 836 838 839 840
88 833 836 838 839 842
84 837 841 843
4 835 836 837 841 842 843
28 836 841 844
62 837 839 840 841 843 846
95 838 839 840 843 847
94 839 840 841 842 843 844 848
47 840 841 842 843 845 846
6 842 847 848
31 843 844 845 848 849 850 851
19 843 844 847 850 851 852
42 845 848 849 851 852 853
54 845 846 848 851
62 846 847 850 851
31 847 848 851 852 854 856
100 848 849 850 852 855 856
94 849 852 853 855
36 852 853 855
89 852 853 854 857 858 859
82 852 853 855 856 858 860 861
54 853 854 855 857 858 859 862
46 855 857 858 859 860 861 863
75 856 857 861 862
10 858 860 861 862 863 864 865
83 861 862 866
11 860 861 863 864 867
29 860 862 863 866 867 868
56 861 862 865 866 867 868 869
38 862 863 865 867 868 870
51 862 863 865 866 867 869
69 864 868 869 870
96 867 869 873
14 871 873 874
96 866 869 871
34 867 868 870 872 874
71 868 875
70 870 873 877
28 872 875 876 878 879
84 872 873 874 875 876 877 878 879 880
38 874 875 876 877 881
67 874 877 878 879 881 882
54 877 881 882 883
67 875 877 879 881 882 883
49 876 878 879 880
80 882 883 884 886
64 878 879 880 884 885
55 879 881 885 888
42 881 882 885
64 882 883 885 887 889
55 883 884 887 888 890 891
82 883 887 889 890
94 884 885 889 893
34 886 887 890 893 894
86 887 891 893
45 889 891 892 895
34 888 890 892 894 895 897
47 891 893 896 898
66 890 893 894 895
55 891 892 894 895 896
10 892 894 896 897 898 899
67 893 895 897 898 899 900 901 902
45 895 896 897 901 902 903
55 896 897 899 903 904
53 896 898 900 901 903
75 897 899 900
45 899 902
43 903 905
9 903 907 908 909
36 901 902 903 908
13 902 905 906 909 910 911
2 903 905 906 908 910
87 904 906 907 908 911 912
24 905 906 908 909 910 912
8 907 908 909 910 913 915
58 909 910 911 915
85 908 909 914 915 917
74 910 911 912 913 915 916 917
11 912 913 916 918 919
75 913 917
53 917 918 919 921
52 913 915 916 918 920 921
71 916 920 921 923
18 920 922
8 916 919 922 924 925
3 917 918 920 921 922 923 925
78 918 923
14 921 922 924 925 928
7 920 921 923 924 926 927 928 929
67 922 927 928 930
87 922 923 925 927 928 931
2 923 924 925 927 931 932
55 929 930 932 933
27 927 930 933
51 929 932 933 935
41 929 930 932 933
46 929 932 933 936
31 931 932 933 935 936 937 938
95 930 931 932 933 935 936
99 931 933 936 937 939 940
20 932 934 936 937 939 940 941
14 933 934 936 937
89 935 937 939 940 941 943
48 936 938 939 941
34 938 940 942 944 945
6 937 940 941 943 944 945 946
62 938 939 942 944 945 946
24 941 943 944 946
65 942 943 945 946 947 949
18 941 943 944 946 947 948 949 950
33 942 943 944 946 948 950
80 944 945 947 948 952
33 945 946 947 948 949 950 953
60 945 947 948 950
79 946 949 954
82 949 951 952 955
75 948 952 953
87 950 951 952 953 955 956 958
13 955 956 957 958 959
39 951 952 953 954 955 956 957 958
80 953 956 958 959 960
2 955 956 957 959 960 962
23 956 957 958 959 962 963
46 955 956 958 959
53 957 958 959 961 962 964
60 958 959 960 961 966
84 959 960 961
73 959 960 963 964 965 966
10 960 962 967 968
70 961 962 964 965 968 970
9 963 964 965 967 968 969 970
71 963 965 966 967 971
47 965 967 970 971
67 965 968 969 972
9 967 969 970 972 973
90 969 970 974 975 976
10 968 969 971 972 975 976
28 971 972 973 974
64 970 971 972 973 977 979
22 971 973 976 977 978 979 980
81 972 973 974 975 976 978 980
52 976 977 979 981
46 976 978 980 982
96 980 982 984
16 977 982 984
40 980 984 986
20 980 986 987
47 981 982 983 984 985
20 982 983 985 986 987 988
94 981 983 984 985 986 987
13 983 985 986 987 988 991
68 985 988 990
30 985 986 987 989 990 991 992
98 985 986 987 988 990 994
39 989 991 992 994
79 987 988 990 992 993 994 995 996
57 990 991 992 994 996 997
100 989 990 991 992 993 996 998
